0 0
1 626
2 1250
3 1869
4 2481
5 3083
6 3673
7 4248
8 4807
9 5347
10 5866
11 6362
12 6832
13 7276
14 7692
15 8077
16 8431
17 8751
18 9037
19 9287
20 9501
21 9678
22 9816
23 9916
24 9978
25 9999
26 9982
27 9925
28 9830
29 9696
30 9523
31 9313
32 9067
33 8785
34 8469
35 8119
36 7737
37 7325
38 6884
39 6416
40 5923
41 5407
42 4869
43 4313
44 3739
45 3151
46 2550
47 1939
48 1321
49 697
50 71
51 -555
52 -1179
53 -1799
54 -2412
55 -3015
56 -3606
57 -4184
58 -4744
59 -5287
60 -5808
61 -6307
62 -6780
63 -7227
64 -7646
65 -8035
66 -8392
67 -8716
68 -9006
69 -9261
70 -9479
71 -9660
72 -9803
73 -9907
74 -9973
75 -9999
76 -9986
77 -9934
78 -9843
79 -9713
80 -9545
81 -9339
82 -9097
83 -8819
84 -8506
85 -8160
86 -7782
87 -7373
88 -6936
89 -6471
90 -5981
91 -5467
92 -4931
93 -4377
94 -3805
95 -3218
96 -2619
97 -2009
98 -1391
99 -768
